-3.46151e-15 5.07017e-14 8.86251e-19 1.48583e-18 1.40004e-17 -8.40777e-13
-1.14598e-14 1.67975e-13 -2.13546e-17 8.26245e-18 3.8583e-17 -2.27321e-12
-5.36348e-14 7.54654e-13 5.7188e-18 1.55822e-17 4.85085e-17 -6.32204e-12
-1.30094e-13 1.73813e-12 9.44129e-18 1.41948e-17 3.08027e-17 -1.19823e-11
-2.95818e-13 3.95906e-12 -4.97207e-18 -3.36462e-17 -2.18279e-17 -2.16567e-11
-5.15046e-13 6.8483e-12 9.56233e-19 -7.02921e-17 1.08241e-16 -3.315e-11
-9.19519e-13 1.24162e-11 1.85686e-16 -1.07884e-16 6.12518e-16 -5.09055e-11
-1.42003e-12 1.91833e-11 3.06537e-16 -1.20272e-16 9.28543e-16 -7.11045e-11
-2.23199e-12 3.04163e-11 3.89932e-16 5.35702e-17 1.13826e-15 -9.93931e-11
-3.19259e-12 4.35523e-11 4.20132e-16 5.00889e-17 1.11599e-15 -1.30763e-10
-4.56269e-12 6.24981e-11 1.86464e-16 2.10804e-16 5.84587e-16 -1.70756e-10
-6.11977e-12 8.40157e-11 2.36983e-16 1.34316e-16 6.08722e-16 -2.14286e-10
-8.21793e-12 1.1496e-10 5.26418e-15 -2.37002e-14 7.86664e-15 -2.69384e-10
-1.0115e-11 1.53407e-10 4.29278e-14 -1.89938e-13 6.12119e-14 -3.32327e-10
-5.82307e-12 2.36451e-10 4.77325e-13 -1.14154e-12 6.92952e-13 -4.43904e-10
-6.87999e-12 3.09205e-10 6.27827e-13 -6.69653e-13 9.8264e-13 -5.67837e-10
1.82148e-12 3.12711e-10 9.60564e-13 4.27362e-13 1.64308e-12 -6.05325e-10
9.33476e-12 3.08147e-10 1.25567e-12 -7.64995e-13 2.02597e-12 -5.79288e-10
4.43059e-11 2.5568e-10 2.74328e-12 -8.01076e-12 3.35818e-12 -3.52924e-10
3.74873e-11 1.25928e-10 2.07837e-12 -9.86268e-12 2.41927e-12 -1.443e-10
3.6958e-11 1.05417e-10 1.93513e-12 -1.74893e-11 1.88883e-12 6.41334e-11
3.77762e-11 2.37291e-10 2.29045e-12 -2.96931e-11 1.57638e-12 2.23778e-10
3.07243e-11 3.4624e-10 2.27235e-12 -3.87278e-11 1.02417e-12 3.40443e-10
1.81219e-11 8.50127e-10 2.97952e-12 -5.03168e-11 9.32667e-13 1.32162e-10
1.0205e-10 1.6817e-10 5.58942e-12 -5.41473e-11 2.91971e-12 8.80975e-10
1.78516e-11 1.06629e-09 3.49432e-12 -6.53858e-11 5.03498e-13 3.57877e-10
1.44978e-10 -3.76192e-10 6.62516e-12 -6.57993e-11 2.86038e-12 1.70716e-09
1.41044e-10 -5.67594e-10 5.9185e-12 -7.40159e-11 1.85425e-12 2.1611e-09
1.22921e-10 -4.85545e-10 5.17034e-12 -8.30714e-11 7.76274e-13 2.39235e-09
1.45547e-10 1.69076e-10 7.84438e-12 -1.12761e-10 1.12073e-12 2.65313e-09
1.52443e-10 5.34155e-10 9.12567e-12 -1.28993e-10 9.98711e-13 2.84762e-09
1.62006e-10 9.3075e-10 1.06085e-11 -1.54698e-10 5.35621e-13 3.29925e-09
2.62541e-10 4.4338e-10 1.45907e-11 -1.74887e-10 1.97031e-12 4.39253e-09
2.82539e-10 -7.17859e-11 1.44738e-11 -1.82245e-10 1.3076e-12 5.20324e-09
3.51969e-10 -6.67259e-10 1.65829e-11 -2.02619e-10 1.45411e-12 6.4652e-09
4.15733e-10 -1.03858e-09 1.86965e-11 -2.1123e-10 2.20495e-12 7.2447e-09
4.26471e-10 -8.49746e-10 1.93505e-11 -2.22432e-10 1.87997e-12 7.62821e-09
4.3987e-10 4.95675e-10 2.26182e-11 -2.68158e-10 1.51663e-12 8.08054e-09
6.01849e-10 8.98644e-10 3.01841e-11 -2.9163e-10 4.98473e-12 8.68848e-09
6.68052e-10 1.40589e-09 3.35916e-11 -3.26669e-10 5.37943e-12 9.64303e-09
9.05402e-10 1.05895e-09 4.106e-11 -3.36378e-10 1.01354e-11 1.05449e-08
4.48797e-10 2.15292e-09 2.23901e-11 -3.68865e-10 -2.36989e-12 1.10428e-08
-8.77965e-11 5.02207e-09 4.8409e-12 -4.13387e-10 -1.50402e-11 1.03758e-08
4.79744e-10 7.34177e-09 3.36971e-11 -4.57755e-10 -6.37608e-13 1.01315e-08
-3.85185e-10 1.33521e-08 1.10099e-11 -5.44967e-10 -1.95373e-11 8.21523e-09
-4.81364e-10 1.55147e-08 8.94531e-12 -5.73912e-10 -2.12484e-11 7.59566e-09
-2.17033e-09 2.46247e-08 -4.01306e-11 -7.13477e-10 -5.71602e-11 5.13281e-09
6.58273e-10 2.56513e-08 5.90417e-11 -7.06979e-10 8.03322e-12 4.20881e-09
5.14536e-09 3.24517e-08 2.25238e-10 -7.99503e-10 1.0863e-10 2.10687e-09
2.65349e-09 3.32695e-08 1.3744e-10 -7.9101e-10 5.4033e-11 1.02462e-09
1.39552e-09 3.53825e-08 9.32888e-11 -8.08254e-10 2.72666e-11 -6.82522e-11
-1.94202e-09 3.58465e-08 -1.70544e-11 -8.14533e-10 -4.15495e-11 -3.7702e-10
-6.4001e-09 3.36511e-08 -1.59899e-10 -7.8238e-10 -1.30911e-10 2.82414e-10
-1.29751e-09 3.43364e-08 7.61045e-12 -7.98876e-10 -2.67044e-11 4.40076e-10
1.98388e-09 3.7086e-08 1.14669e-10 -8.30989e-10 3.90298e-11 -2.78219e-10
1.85839e-09 3.90155e-08 1.11418e-10 -8.52268e-10 3.63009e-11 -9.15154e-10
4.67123e-09 4.45205e-08 1.9831e-10 -9.13954e-10 8.97376e-11 -2.61394e-09
-9.3578e-10 4.55333e-08 3.43675e-11 -9.21702e-10 -1.55486e-11 -3.12666e-09
-6.0645e-09 4.54471e-08 -1.10736e-10 -9.16247e-10 -1.08877e-10 -2.96363e-09
-2.31471e-09 4.5257e-08 -8.80579e-13 -9.12989e-10 -3.91874e-11 -2.87878e-09
-1.50339e-09 4.67556e-08 2.58434e-11 -9.2491e-10 -2.36653e-11 -3.16069e-09
1.41268e-09 4.86053e-08 1.06284e-10 -9.4089e-10 2.78106e-11 -3.75492e-09
4.44725e-09 5.28541e-08 1.88393e-10 -9.76161e-10 7.96272e-11 -5.1322e-09
-4.03614e-10 5.42141e-08 6.16823e-11 -9.90194e-10 -3.55624e-12 -5.45904e-09
-4.17745e-09 5.33115e-08 -3.46411e-11 -9.72562e-10 -6.62873e-11 -5.04976e-09
-2.26617e-09 5.32515e-08 1.53451e-11 -9.72953e-10 -3.39749e-11 -4.80912e-09
-2.41391e-09 5.42875e-08 1.26396e-11 -9.79629e-10 -3.6092e-11 -4.7853e-09
-5.4569e-10 5.50534e-08 5.70901e-11 -9.83515e-10 -6.35277e-12 -4.9657e-09
-5.3692e-09 6.65412e-08 -6.29727e-11 -1.12239e-09 -8.50893e-11 -6.21381e-09
-3.04929e-09 7.08829e-08 2.01155e-12 -1.15239e-09 -4.69289e-11 -8.23908e-09
-2.55823e-09 4.5146e-08 2.49519e-11 -8.28532e-10 -3.37936e-11 -4.46164e-09
8.8856e-10 3.00853e-08 7.72829e-11 -7.0243e-10 1.57428e-11 1.56373e-09
2.5017e-09 5.04467e-09 6.24788e-11 -6.70095e-10 3.5162e-11 1.99976e-08
7.25885e-09 -2.92538e-08 1.46329e-10 -3.08168e-10 9.75528e-11 2.83114e-08
7.15262e-09 -4.2341e-08 9.07828e-11 -3.68736e-10 7.70922e-11 4.32455e-08
1.17359e-08 -6.36637e-08 2.15237e-10 -1.17205e-10 1.30695e-10 4.66414e-08
9.54985e-09 -4.44498e-08 1.6661e-10 -2.99542e-10 8.06901e-11 4.38608e-08
2.13522e-08 3.47106e-08 4.29472e-10 -1.1245e-09 2.36403e-10 3.0694e-08
2.11564e-08 1.31734e-08 4.87049e-10 -1.00206e-09 2.3555e-10 3.64624e-08
2.07858e-08 4.56063e-08 4.54217e-10 -1.32323e-09 2.1843e-10 3.2275e-08
2.77154e-08 -3.10153e-09 6.27095e-10 -1.0772e-09 3.07965e-10 5.20693e-08
2.5601e-08 -2.71173e-08 5.55988e-10 -9.13043e-10 2.59272e-10 6.30322e-08
2.19934e-08 -3.7886e-08 4.60922e-10 -1.04694e-09 1.86488e-10 7.96653e-08
2.6196e-08 -5.89169e-08 5.93342e-10 -8.68388e-10 2.23513e-10 8.5687e-08
2.35007e-08 -4.96975e-08 5.55509e-10 -9.24601e-10 1.72178e-10 8.40943e-08
3.1731e-08 -1.51715e-08 7.3641e-10 -1.35627e-09 2.64676e-10 8.55044e-08
9.83842e-08 -1.91192e-08 2.15269e-09 -1.58024e-09 1.094e-09 9.91387e-08
7.96407e-08 -2.99382e-08 1.68874e-09 -1.73451e-09 8.18409e-10 1.17975e-07
1.92848e-08 -2.9312e-08 3.66798e-10 -1.88888e-09 2.2175e-11 1.28757e-07
3.53007e-08 -1.13127e-08 7.112e-10 -2.00768e-09 2.13389e-10 1.23892e-07
4.6775e-08 9.18876e-08 9.35536e-10 -2.75176e-09 3.78526e-10 9.70145e-08
6.42038e-08 1.67781e-07 1.35303e-09 -3.56618e-09 5.85475e-10 8.9785e-08
4.85655e-08 2.47712e-07 1.08978e-09 -4.34444e-09 3.98102e-10 7.96952e-08
5.51805e-08 2.60038e-07 1.27459e-09 -4.57509e-09 4.58646e-10 8.19904e-08
5.60759e-08 2.60899e-07 1.29186e-09 -4.62528e-09 4.63416e-10 8.50249e-08
6.9711e-08 2.61273e-07 1.53432e-09 -4.61471e-09 6.20759e-10 8.4681e-08
8.84455e-08 2.86234e-07 1.86644e-09 -4.76242e-09 8.4679e-10 7.79479e-08
7.36479e-08 2.17833e-07 1.59907e-09 -4.46496e-09 6.38424e-10 1.04586e-07
6.64313e-08 3.1765e-07 1.40305e-09 -4.88843e-09 6.06183e-10 6.97584e-08
6.02572e-08 3.41348e-07 1.36984e-09 -5.21104e-09 5.3137e-10 6.86075e-08
4.57524e-08 3.52849e-07 1.14336e-09 -5.34686e-09 3.71701e-10 6.87385e-08
6.28214e-08 3.51989e-07 1.49186e-09 -5.32436e-09 5.65251e-10 6.6612e-08
7.41345e-08 3.55931e-07 1.70716e-09 -5.33006e-09 6.98569e-10 6.52673e-08
7.21718e-08 3.63802e-07 1.66921e-09 -5.39114e-09 6.80761e-10 6.46564e-08
7.60059e-08 3.91107e-07 1.74676e-09 -5.56427e-09 7.30302e-10 5.97749e-08
6.3581e-08 4.07179e-07 1.56276e-09 -5.71225e-09 6.03187e-10 5.70749e-08
5.03558e-08 4.40144e-07 1.35984e-09 -5.9567e-09 4.69533e-10 5.30471e-08
5.63385e-08 4.53249e-07 1.53981e-09 -6.04664e-09 5.4652e-10 4.66391e-08
