1.06915 -0.212723 0.37019
1.06893 -0.212991 0.370204
1.06851 -0.213508 0.370232
1.06886 -0.213071 0.370209
1.06857 -0.213409 0.370229
1.06893 -0.212987 0.370204
1.06851 -0.213481 0.370233
1.06893 -0.212987 0.370204
1.06851 -0.213512 0.370232
1.06893 -0.212992 0.370204
1.06858 -0.213417 0.370227
1.06894 -0.212977 0.370204
1.06731 -0.213375 0.370253
1.06407 -0.212554 0.37032
1.02975 -0.210905 0.372179
1.06583 -0.213525 0.37097
1.04633 -0.220503 0.367571
1.06368 -0.213523 0.369387
1.01496 -0.215914 0.364537
1.06026 -0.212392 0.370465
0.987645 -0.206994 0.378772
1.06066 -0.212432 0.3716
1.01495 -0.210859 0.377562
1.06203 -0.212921 0.370377
1.00568 -0.212588 0.367305
1.06104 -0.212595 0.369773
1.00739 -0.209946 0.368321
1.05225 -0.212013 0.370641
1.0026 -0.209528 0.37531
1.06042 -0.212629 0.371268
0.999359 -0.210926 0.378196
1.06221 -0.212735 0.370486
1.00414 -0.210826 0.369477
1.06095 -0.212561 0.369951
1.00999 -0.210305 0.369236
1.06 -0.212538 0.370412
0.989053 -0.209668 0.37496
1.06062 -0.212625 0.37101
1.00771 -0.211327 0.376295
1.06418 -0.212749 0.370357
1.01936 -0.208219 0.368891
1.06378 -0.209436 0.369849
1.02881 -0.184179 0.367722
1.06537 -0.211431 0.370184
1.04588 -0.205516 0.371613
1.06685 -0.211011 0.37054
1.053 -0.193161 0.372642
1.06798 -0.20812 0.370353
1.06699 -0.197877 0.369852
1.06912 -0.21253 0.369996
1.06928 -0.218121 0.36954
1.06877 -0.213878 0.370164
1.06594 -0.21754 0.369922
1.06846 -0.21176 0.370219
1.06385 -0.200294 0.370759
1.06841 -0.212308 0.37028
1.06368 -0.211913 0.370857
1.06838 -0.213721 0.37023
1.06388 -0.218716 0.369925
1.06854 -0.212492 0.370125
1.06517 -0.206096 0.369699
1.06828 -0.211566 0.370215
1.06526 -0.209382 0.370624
1.0684 -0.213243 0.370267
1.06357 -0.215788 0.37053
1.06837 -0.212703 0.370186
1.06478 -0.209758 0.369991
1.06835 -0.214235 0.370171
1.05246 -0.229934 0.370391
1.06426 -0.213091 0.370732
1.03919 -0.20935 0.375957
1.06579 -0.211922 0.370079
1.0408 -0.20468 0.365722
1.06143 -0.211364 0.369251
0.999567 -0.19868 0.365154
1.05916 -0.211427 0.37062
1.00483 -0.205252 0.378293
1.06112 -0.212859 0.371879
1.00493 -0.214302 0.381535
1.06302 -0.212897 0.370261
1.02344 -0.210763 0.366726
1.06112 -0.212027 0.369559
0.996613 -0.20461 0.366339
1.05943 -0.212143 0.37038
0.985119 -0.20752 0.376573
1.0603 -0.212765 0.371443
1.01491 -0.212312 0.377337
1.06484 -0.210371 0.370507
1.02414 -0.181976 0.36867
1.06212 -0.210858 0.369615
1.02321 -0.206813 0.365618
1.06403 -0.214523 0.369779
1.03404 -0.227612 0.371464
1.06679 -0.21317 0.371085
1.05194 -0.208803 0.378444
1.06736 -0.211772 0.370573
1.05683 -0.207352 0.369015
1.06718 -0.213323 0.369587
1.05611 -0.217705 0.365663
1.06778 -0.213554 0.369795
1.06042 -0.215908 0.370077
1.06819 -0.212518 0.370698
1.06235 -0.209736 0.374466
1.068 -0.212812 0.370568
1.05962 -0.213711 0.370398
1.06815 -0.213293 0.369852
1.06396 -0.215136 0.3674
1.06882 -0.212929 0.369904
