1.06915 -0.212723 0.37019 -0.00143742 -0.00174346 9.66863e-05
1.06893 -0.212991 0.370204 -0.00143195 -0.0017537 9.6501e-05
1.06829 -0.213779 0.370247 -0.00141321 -0.00177813 9.46735e-05
1.06801 -0.214135 0.370266 -0.00140486 -0.00178425 9.5557e-05
1.06745 -0.21485 0.370304 -0.00137977 -0.00179654 9.88444e-05
1.06724 -0.215125 0.37032 -0.0013701 -0.00180014 9.87517e-05
1.06664 -0.215933 0.370364 -0.00133766 -0.00180689 0.00010207
1.06644 -0.216207 0.37038 -0.00132539 -0.00181089 0.000101382
1.06585 -0.217022 0.370424 -0.00129726 -0.00181981 9.62593e-05
1.06565 -0.217302 0.370439 -0.00128495 -0.00182246 9.5138e-05
1.06514 -0.218028 0.370477 -0.00125321 -0.00181221 9.28072e-05
1.06496 -0.218294 0.37049 -0.00124002 -0.00180721 9.13268e-05
1.06322 -0.218997 0.370551 -0.0244238 0.000387073 0.000480182
1.05463 -0.21849 0.370741 -0.093474 0.00666123 0.00229611
0.976244 -0.212375 0.373676 -0.290236 0.0227552 0.0153195
0.927938 -0.208617 0.376128 -0.345823 0.0267454 0.0219865
0.744497 -0.194539 0.384852 -0.459802 0.0355817 0.00359677
0.673575 -0.189475 0.391618 -0.48474 0.0370755 0.00602595
0.445851 -0.171361 0.38839 -0.525805 0.0432984 -0.0204214
0.365884 -0.165643 0.397091 -0.533526 0.0433814 -0.00202562
0.124276 -0.145215 0.395862 -0.543295 0.0467025 0.0109934
0.0423277 -0.139015 0.39951 -0.544742 0.0445713 0.042605
-0.174781 -0.120933 0.412549 -0.54544 0.0450765 0.0514921
-0.258167 -0.115247 0.416788 -0.545073 0.043015 0.0587456
-0.50566 -0.0951025 0.432324 -0.550821 0.0461028 0.0229058
-0.58784 -0.090361 0.446011 -0.554421 0.0439712 0.0289176
-0.809232 -0.0719537 0.450892 -0.553307 0.047205 -0.00305865
-0.920689 -0.0639598 0.460644 -0.553064 0.0451623 0.00900317
-1.13953 -0.0455653 0.460235 -0.547794 0.0471376 0.00965573
-1.22315 -0.0399613 0.453791 -0.546812 0.0435025 0.0336613
-1.46811 -0.0193013 0.460421 -0.546515 0.0470193 0.0384014
-1.54983 -0.0149501 0.45818 -0.546569 0.0431187 0.050458
-1.79882 0.00602125 0.472162 -0.5506 0.0477222 0.0233009
-1.88267 0.010169 0.489928 -0.553196 0.0441316 0.0312758
-2.1018 0.028773 0.498305 -0.550972 0.0480892 0.00460544
-2.18565 0.03347 0.510882 -0.551079 0.0441182 0.0186571
-2.43048 0.0546955 0.512336 -0.545937 0.0492945 0.0093487
-2.51357 0.0587793 0.504966 -0.545609 0.0434933 0.0326727
-2.74942 0.0789178 0.509685 -0.477792 0.0412135 0.0337338
-2.81829 0.0812064 0.509862 -0.445662 0.0339352 0.0433005
-3.00022 0.097936 0.522794 -0.359028 0.0556372 0.0142152
-3.05258 0.107172 0.523416 -0.328336 0.0897497 0.0159534
-3.17355 0.174016 0.517198 -0.218377 0.198605 -0.0102729
-3.2045 0.203188 0.496231 -0.186845 0.22207 -0.00680575
-3.25892 0.300586 0.483511 -0.105045 0.277932 -0.00716471
-3.27344 0.333231 0.452981 -0.0813708 0.290825 0.00243038
-3.29081 0.468586 0.443197 -0.0241963 0.325074 0.00873682
-3.2953 0.525102 0.413326 -0.0100169 0.330223 0.0136896
-3.28938 0.655155 0.404743 0.0136142 0.335342 0.00901467
-3.28471 0.725853 0.38671 0.0179524 0.335879 0.00325547
-3.27007 0.881195 0.381406 0.0262582 0.339352 -0.00213347
-3.26191 0.943431 0.381222 0.0295369 0.341751 -0.00423202
-3.24574 1.10548 0.383463 0.0321719 0.350318 -0.0042527
-3.2361 1.16541 0.3963 0.0354931 0.351794 0.00123609
-3.21511 1.32571 0.399133 0.0380974 0.353121 0.00383486
-3.2044 1.38663 0.395678 0.0386779 0.351026 0.00368163
-3.18087 1.54305 0.393545 0.039541 0.346768 0.00447453
-3.16967 1.60871 0.38586 0.0406781 0.347169 0.00151566
-3.14888 1.77296 0.386856 0.0407192 0.3514 -0.000473268
-3.13861 1.83048 0.394151 0.0424321 0.352154 0.00196132
-3.11624 1.99261 0.39685 0.042796 0.355007 0.000820708
-3.10169 2.06886 0.397475 0.0437943 0.353668 0.00154961
-3.07663 2.22663 0.394825 0.0435734 0.350706 0.00236419
-3.06317 2.29367 0.389173 0.0447856 0.35116 0.000710561
-3.04237 2.45917 0.390078 0.044148 0.353596 0.00121576
-3.03002 2.51934 0.396914 0.0454155 0.354149 0.00260707
-3.0094 2.66543 0.400108 0.0454457 0.356279 0.00198041
-2.99705 2.72168 0.401565 0.0443804 0.325758 0.00257589
-2.97477 2.85417 0.401351 -0.0563075 0.236609 0.00498791
-2.98083 2.88908 0.393827 -0.125289 0.220684 0.0149374
-3.10987 2.98169 0.399081 -0.288375 0.185217 0.0339608
-3.1759 3.00575 0.433755 -0.327808 0.176278 0.0342287
-3.35375 3.06829 0.468925 -0.408737 0.153975 0.00557912
-3.46844 3.0852 0.553855 -0.434264 0.147669 0.00368679
-3.68268 3.14305 0.572122 -0.46633 0.125713 -0.0327216
-3.79101 3.15256 0.608822 -0.476794 0.121064 -0.0134864
-3.9523 3.19604 0.601613 -0.484886 0.104151 0.00490078
-3.91361 3.17703 0.559201 -0.475714 0.0975491 0.0357169
-4.16511 3.21568 0.548726 -0.489799 0.0873225 0.0541509
-4.19732 3.21485 0.539691 -0.486567 0.0846682 0.0609419
-4.47298 3.23567 0.557702 -0.506648 0.0803125 0.0272421
-4.59547 3.24639 0.605342 -0.517727 0.078914 0.0275575
-4.8405 3.28348 0.624955 -0.525329 0.0750782 -0.0108053
-4.96105 3.2848 0.661608 -0.531682 0.071558 0.00612348
-5.18031 3.31857 0.662754 -0.528947 0.0676977 0.00408993
-5.2016 3.30043 0.628929 -0.523516 0.061955 0.0335629
-5.42517 3.18863 0.616962 -0.515209 0.047046 0.0426383
-5.4945 3.26734 0.658033 -0.464253 0.0521863 0.0561913
-5.64732 3.43393 0.702502 -0.361557 0.0544015 0.0173258
-5.64383 3.44826 0.7081 -0.338211 0.0506677 0.0186694
-5.55661 3.43516 0.67742 -0.263526 0.0273468 -0.0250403
-5.43203 3.39869 0.567287 -0.228983 0.0210082 -0.0256071
-5.34966 3.42526 0.519396 -0.156918 0.012392 -0.0254678
-5.34334 3.40483 0.468738 -0.140303 0.0136491 -0.0102883
-5.39835 3.40573 0.469444 -0.105293 0.0101246 0.0202274
-5.41704 3.37399 0.475471 -0.0938483 0.00605231 0.0249948
-5.39935 3.32556 0.481165 -0.0624785 -0.00867335 0.0125559
-5.55692 3.36515 0.459448 -0.0667244 -0.00717323 0.00474565
-5.35581 3.3738 0.454567 -0.025674 -0.0150033 -0.0182962
-5.29145 3.37656 0.431049 -0.0119577 -0.0154499 -0.02287
-5.25831 3.40263 0.417603 0.0157605 -0.0171609 -0.0196898
-5.26076 3.35364 0.418362 0.0213514 -0.0216457 -0.012651
-5.24605 3.312 0.419166 0.0347918 -0.0304443 0.00704077
-5.22159 3.31055 0.419486 0.0423415 -0.0324075 0.0117743
-5.13034 3.27858 0.422861 0.064868 -0.0424124 0.00809238
-5.07158 3.30332 0.411494 0.0737092 -0.0414652 0.0037747
-4.94645 3.31827 0.406155 0.0931243 -0.0443097 -0.0101388
-4.8922 3.28974 0.394113 0.100635 -0.0473161 -0.0133519
