1.06987 -0.211859 0.370143
1.06915 -0.212723 0.37019
1.06893 -0.212991 0.370204
1.06829 -0.213779 0.370247
1.06801 -0.214135 0.370266
1.06745 -0.21485 0.370304
1.06724 -0.215125 0.37032
1.06664 -0.215933 0.370364
1.06643 -0.216207 0.37038
1.06585 -0.217022 0.370424
1.06565 -0.217302 0.370439
1.06514 -0.218028 0.370476
1.06496 -0.218294 0.37049
1.06321 -0.218996 0.37055
1.05462 -0.218489 0.370741
0.976229 -0.212374 0.373733
0.927954 -0.208614 0.376907
0.744525 -0.194488 0.385883
0.673492 -0.188931 0.385931
0.470475 -0.172412 0.377726
0.366226 -0.163543 0.371191
0.123797 -0.142298 0.361487
0.0420791 -0.135097 0.362006
-0.175856 -0.116087 0.371671
-0.259035 -0.108887 0.376552
-0.507004 -0.0872352 0.385677
-0.588471 -0.0799956 0.385871
-0.810777 -0.0599182 0.380172
-0.921282 -0.0498159 0.375427
-1.14115 -0.0296222 0.368037
-1.22455 -0.0219482 0.367397
-1.46965 0.00070821 0.373252
-1.55074 0.00826973 0.376516
-1.79983 0.0317929 0.383663
-1.88252 0.0396989 0.384098
-2.1029 0.0609424 0.380626
-2.18585 0.0689909 0.378239
-2.43205 0.0930386 0.372351
-2.51489 0.101193 0.371881
-2.75097 0.12449 0.376234
-2.81913 0.131167 0.378831
-3.00145 0.150698 0.384419
-3.0537 0.162444 0.384646
-3.17605 0.230098 0.380808
-3.20643 0.26256 0.378761
-3.26147 0.363306 0.374734
-3.27457 0.406687 0.374219
-3.2942 0.545343 0.375842
-3.29618 0.610801 0.37735
-3.29208 0.744663 0.379917
-3.28734 0.811671 0.380606
-3.27293 0.963923 0.38101
-3.26744 1.01508 0.380928
-3.25013 1.16963 0.380232
-3.24419 1.2217 0.379943
-3.22584 1.38121 0.379541
-3.21979 1.43337 0.37967
-3.20153 1.58994 0.380898
-3.19539 1.64266 0.381499
-3.1774 1.79916 0.382978
-3.17153 1.85099 0.383193
-3.15371 2.0111 0.383043
-3.14596 2.08206 0.382816
-3.12908 2.23995 0.38273
-3.12349 2.29351 0.38293
-3.10744 2.45187 0.383972
-3.10222 2.50485 0.384326
-3.08839 2.64803 0.384954
-3.08354 2.69883 0.385067
-3.0819 2.82412 0.385579
-3.09754 2.85788 0.386636
-3.19928 2.94808 0.398492
-3.24723 2.97491 0.403412
-3.39792 3.03938 0.41096
-3.46225 3.06178 0.409743
-3.66254 3.12149 0.395203
-3.73413 3.14021 0.388435
-3.92113 3.18403 0.37683
-3.99309 3.1992 0.376828
-4.21319 3.24158 0.390246
-4.28695 3.25488 0.396306
-4.48893 3.28988 0.407238
-4.56639 3.30279 0.408188
-4.79835 3.33977 0.401765
-4.87738 3.35179 0.397667
-5.11104 3.38568 0.387932
-5.19094 3.39679 0.387375
-5.39824 3.42477 0.393554
-5.47201 3.43515 0.397556
-5.65325 3.46446 0.40756
-5.70556 3.47295 0.408294
-5.82919 3.49124 0.402169
-5.87124 3.49677 0.397217
-5.97601 3.51012 0.382215
-6.00674 3.51438 0.379235
-6.0859 3.52692 0.381294
-6.10921 3.53087 0.384596
-6.16358 3.5394 0.392704
-6.18132 3.54169 0.393978
-6.22346 3.54576 0.390994
-6.23731 3.54674 0.387856
-6.27066 3.54859 0.377433
-6.27971 3.54891 0.375074
-6.30027 3.54863 0.374405
-6.30661 3.54796 0.375956
-6.3214 3.54373 0.381762
-6.32485 3.54167 0.382816
-6.33112 3.53493 0.381786
